Tuning for infinity, radians: 1.570796327
0.0
300.0
600.0
900.0
1200.0

Tuning for 4, radians: 1.325817664
0.0
36.932
109.692
182.453
291.043
400.735
436.564
509.325
582.086
654.846
727.607
873.128
1018.65
1164.171

Tuning for 3, radians: 1.249045772
0.0
33.288
128.157
223.025
284.605
379.473
412.762
474.342
569.21
664.078
758.947
853.815
1043.552
1138.42

Tuning for 5/2, radians: 1.19028995
0.0
25.589
137.006
248.424
278.543
334.252
415.549
445.669
557.086
668.503
779.92
835.629
1058.463
1114.172

Tuning for 2, radians: 1.107148718
0.0
7.477
141.641
268.328
275.805
402.492
409.969
536.656
670.82
804.984
1073.313

Tuning for 3/2, radians: 0.9827937232
0.0
131.28
166.41
249.615
297.691
332.82
380.896
499.23
665.64
748.845
832.05
998.46
1081.665
1164.87

Tuning for 4/3, radians: 0.927295218
0.0
120.0
240.0
300.0
360.0
480.0
660.0
720.0
840.0
960.0
1080.0
1140.0

Tuning for 1, radians: 0.7853981634
0.0
72.792
212.132
284.924
424.264
636.396
848.528
1060.66

Tuning for 3/4, radians: 0.6435011088
0.0
120.0
240.0
300.0
360.0
480.0
660.0
720.0
840.0
960.0
1080.0
1140.0

Tuning for 2/3, radians: 0.5880026035
0.0
131.28
166.41
249.615
297.691
332.82
380.896
499.23
665.64
748.845
832.05
998.46
1081.665
1164.87

Tuning for 1/2, radians: 0.463647609
0.0
7.477
141.641
268.328
275.805
402.492
409.969
536.656
670.82
804.984
1073.313

Tuning for 2/5, radians: 0.3805063771
0.0
25.589
137.006
248.424
278.543
334.252
415.549
445.669
557.086
668.503
779.92
835.629
1058.463
1114.172

Tuning for 1/3, radians: 0.3217505544
0.0
33.288
128.157
223.025
284.605
379.473
412.762
474.342
569.21
664.078
758.947
853.815
1043.552
1138.42

Tuning for 1/4, radians: 0.2449786631
0.0
36.932
109.692
182.453
291.043
400.735
436.564
509.325
582.086
654.846
727.607
873.128
1018.65
1164.171

Tuning for 0, radians: 0
0.0
300.0
600.0
900.0
1200.0

Tuning for -1/4, radians: -0.2449786631
0.0
109.692
291.043
436.564
509.325
582.086
654.846
727.607
873.128
945.889
1018.65
1091.41
1164.171

Tuning for -1/3, radians: -0.3217505544
0.0
33.288
284.605
379.473
474.342
569.21
664.078
758.947
853.815
948.683
1043.552
1138.42

Tuning for -2/5, radians: -0.3805063771
0.0
278.543
334.252
445.669
557.086
612.795
668.503
779.92
835.629
891.338
1002.755
1114.172
1169.881

Tuning for -1/2, radians: -0.463647609
0.0
268.328
402.492
536.656
670.82
804.984
939.149
1073.313

Tuning for -2/3, radians: -0.5880026035
0.0
166.41
249.615
332.82
416.025
499.23
665.64
748.845
832.05
915.255
998.46

Tuning for -3/4, radians: -0.6435011088
0.0
120.0
240.0
300.0
360.0
420.0
480.0
600.0
660.0
720.0
780.0
840.0
960.0

Tuning for -1, radians: -0.7853981634
0.0
212.132
424.264
636.396
848.528

Tuning for -4/3, radians: -0.927295218
0.0
120.0
180.0
240.0
300.0
360.0
480.0
540.0
600.0
660.0
720.0
840.0
960.0

Tuning for -3/2, radians: -0.9827937232
0.0
83.205
166.41
249.615
332.82
499.23
582.435
665.64
748.845
832.05
998.46

Tuning for -2, radians: -1.107148718
0.0
134.164
268.328
402.492
536.656
670.82
804.984
1073.313

Tuning for -5/2, radians: -1.19028995
0.0
55.709
167.126
278.543
334.252
389.96
501.377
557.086
612.795
724.212
835.629
891.338
1169.881

Tuning for -3, radians: -1.249045772
0.0
33.288
94.868
189.737
284.605
379.473
474.342
569.21
664.078
758.947
853.815
948.683

Tuning for -4, radians: -1.325817664
0.0
109.692
145.521
218.282
291.043
363.803
436.564
582.086
654.846
727.607
800.368
873.128
1018.65

Tuning for -infinity, radians: -1.570796327
0.0
300.0
600.0
900.0

